EmbryoStageColours <- c(
  "E6.5" = "#4E79A7",
  "E6.75" = "#F28E2B",
  "E7.0" = "#E15759",
  "E7.25" = "#76B7B2",
  "E7.5" = "#59A14F",
  "E7.75" = "#EDC948",
  "E8.0" = "#B07AA1",
  "E8.25" = "#FF9DA9",
  "E8.5" = "#9C755F",
  "mixed_gastrulation" = "#BAB0AC"
)
